1	103944
1	111146
1	121296
1	122040
1	124257
1	129687
1	129872
1	134115
1	134700
1	14436
1	145974
1	16285
1	16500
1	16722
1	174853
1	1766
1	1775
1	18548
1	1897
1	201193
1	202503
1	203997
1	204611
1	2048
1	20987
1	221272
1	22297
1	22963
1	232739
1	233433
1	239192
1	241207
1	255070
1	26825
1	268891
1	270066
1	278254
1	278408
1	2794
1	285342
1	2993422
1	309176
1	309952
1	322884
1	32434
1	328872
1	330469
1	337420
1	34526
1	35933
1	365307
1	38470
1	385093
1	38903
1	389735
1	39116
1	394576
1	39626
1	41153
1	41260
1	41843
1	43787
1	453594
1	458459
1	46076
1	46539
1	46654
1	473
1	47647
1	48317
1	48360
1	488383
1	49014
1	503502
1	50870
1	51504
1	516199
1	5171
1	51754
1	52233
1	54501
1	54815
1	54991
1	57023
1	57607
1	57866
1	5846
1	59091
1	593974
1	62218
1	62270
1	629488
1	636515
1	64109
1	66558
1	69446
1	69498
1	70022
1	71229
1	71281
1	72531
1	73681
1	75493
1	76862
1	77301
1	77774
1	7880
1	80074
1	83490
1	83893
1	849862
1	856803
1	86361
1	87152
1	87798
1	8882
1	90377
1	90482
1	9257
1	93092
1	93611
1	93668
1	94389
1	96455
1	97025
1	98424
1	985772
